.\dataset\processed\Dat\01ffff93744db513ec5c.png 275 788 1425 2263
.\dataset\processed\Dat\24ba68fbe325227b7b34.png 246 953 1300 2143
.\dataset\processed\Dat\45a47acff111304f6900.png 444 644 1413 2024
.\dataset\processed\Dat\89c17e98f54634186d57.png 219 1129 1556 2558
.\dataset\processed\Dat\bd383a6fb1b170ef29a0.png 372 778 1428 1964
.\dataset\processed\Dat\ca7a1a2591fb50a509ea.png 302 909 1345 2204
.\dataset\processed\Dat\e3a8a7ce2c10ed4eb401.png 331 758 1522 2274
.\dataset\processed\Dat\f81ada48519690c8c987.png 393 705 1586 2369
.\dataset\processed\Hieu\278500612_567513338034080_6947629344195761666_n.png 192 619 894 1508
.\dataset\processed\Hieu\279646528_633382191241667_1295026278924140648_n.png 183 957 936 1640
.\dataset\processed\Hieu\279747536_1064528504160614_1915597031833310056_n.png 279 400 841 1023
.\dataset\processed\Hieu\279839850_310762237908244_4119317219764321654_n.png 0 521 595 1427
.\dataset\processed\Hieu\280217292_564403115013390_2341460599395026760_n.png 618 442 1230 1430
.\dataset\processed\Nghia\277976596_676925490063206_8136159939753194107_n.png 376 679 1233 1960
.\dataset\processed\Nghia\279199138_672442640511194_1861593926237848362_n.png 550 625 1470 1972
.\dataset\processed\Nghia\279239797_754377349056466_4048854730064467963_n.png 578 598 1510 1937
.\dataset\processed\Nghia\279382261_714251673242971_7581820765273332704_n.png 464 753 1413 2048
.\dataset\processed\Nghia\279740522_334689232098883_6226520965278225208_n.png 461 723 1324 1796
.\dataset\processed\Nghia\279971139_698906118000006_7184244626015796850_n (1).png 456 630 1398 2035
.\dataset\processed\Nghia\280138959_409280721059068_8259291494536769771_n.png 435 670 1360 2003
.\dataset\processed\Quyet\2414285fa78166df3f90.png 44 670 957 1864
.\dataset\processed\Quyet\34c6850c0bd2ca8c93c3.png 125 802 917 1851
.\dataset\processed\Quyet\84eced90624ea310fa5f (1).png 59 881 752 1724
.\dataset\processed\Quyet\84eced90624ea310fa5f.png 59 881 752 1724
.\dataset\processed\Quyet\b6490d55838b42d51b9a.png 46 877 874 1995
